[383,
 201,
 492,
 271,
 994,
 94,
 727,
 419,
 680,
 732,
 123,
 844,
 956,
 544,
 503,
 335,
 474,
 896,
 361,
 187,
 374,
 47,
 252,
 558,
 897,
 592,
 947,
 915,
 161,
 517,
 101,
 69,
 806,
 5,
 141,
 584,
 113,
 20,
 853,
 780,
 356,
 473,
 408,
 684,
 789,
 74,
 976,
 792,
 445,
 803,
 129,
 244,
 170,
 280,
 725,
 531,
 883,
 692,
 905,
 664,
 524,
 630,
 690,
 114,
 865,
 234,
 127,
 442,
 452,
 169,
 968,
 550,
 243,
 56,
 890,
 980,
 518,
 476,
 564,
 603,
 430,
 741,
 824,
 360,
 48,
 444,
 256,
 927,
 172,
 80,
 612,
 302,
 632,
 460,
 502,
 10,
 260,
 830,
 999,
 414]